"guilty involved no" AND "[2008] HCA 36" AND "Arab Bank"
2739530
2432022
6543015
2703759
2723374
2759664
2759365
2756232
2429895
2764861
2885327
2740527
6800100
2720777
2432625
2764626
2742085
2622126
2884254
2884413
2755924
2174349
2711835
2707860
6709366
2711339
2750962
2432612
2755942
2588516
2620902
2706442
6073984
2767388
2754986
2717997
2701673
2144201
2746089
2710112
6552678
6801296
2621669
2762732
2760097
6801311
2622257
2622514
6801415
6708963
2765987
2761508
2720712
2414897
2708640
2702449
2760094
2423318
2740474
2720198
2154678
2434339
2707857
2703513
2432944
2654459
2755993
6224216
3063675
2588763
2708282
2158880
2584799
2712476
2739892
2706484
2623504
2703958
2714120
2717646
2712519
2431017
2757668
6525870
2710415
2736063
2716323
2748249
2413361
2251496
2152007
2622775
2414490
2653719
6666701
2722177
2623664
6797993
2707341
2704407